# DWM1000 Antenna Delay Calibration — Initiator
# Known distance: 1.0000 m
# Antenna delay register: 0
# Antenna delay (ns): 0.000
# Target samples: 500
# Start temp (C): 25.10
# Start pressure (hPa): 1005.4
# Range interval: 50 ms
#
sample,millis,distance_m,round_trip_ticks,reply_delay_ticks,tof_ticks,rx_power_dBm,fp_power_dBm,quality,temp_C,pressure_hPa
1,9587,156.1838,366359225,366292626,33299,-60.60,-80.37,163.68,25.13,1005.4
2,9655,156.9061,363953420,363886513,33453,-59.56,-80.87,157.82,25.13,1005.4
3,9724,156.4511,363629890,363563177,33356,-59.95,-80.97,161.40,25.13,1005.4
4,9793,156.4324,363726251,363659547,33352,-59.97,-80.86,169.67,25.13,1005.4
5,9862,156.2964,359815155,359748508,33323,-61.23,-89.80,100.10,25.13,1005.4
6,9931,156.1932,359979584,359912982,33301,-62.95,-90.00,111.91,25.13,1005.4
7,10000,156.2823,359634118,359567478,33320,-60.63,-89.98,113.55,25.13,1005.4
8,10068,156.4230,367266480,367199779,33350,-60.70,-86.41,156.74,25.13,1005.4
9,10137,156.4089,369712880,369646185,33347,-61.30,-90.78,145.39,25.13,1005.4
10,10206,156.3995,368856312,368789621,33345,-80.04,-93.26,99.38,25.13,1005.4
11,10275,156.4511,359749470,359682757,33356,-61.30,-93.87,84.01,25.13,1005.4
12,10344,156.4277,364385711,364319009,33351,-62.33,-90.07,117.55,25.13,1005.4
13,10413,156.5872,357511210,357444439,33385,-60.70,-93.58,127.78,25.13,1005.4
14,10482,156.4183,358220392,358153694,33349,-60.76,-91.08,97.74,25.13,1005.4
15,10551,156.4605,363015379,362948663,33358,-59.39,-89.45,142.94,25.13,1005.4
16,10620,156.4511,359886097,359819384,33356,-61.12,-89.56,162.37,25.13,1005.4
17,10688,156.4887,356558055,356491327,33364,-61.66,-88.94,140.22,25.13,1005.4
18,10757,156.5778,372185415,372118649,33383,-61.96,-88.74,206.43,25.13,1005.4
19,10826,156.6247,355065701,354998914,33393,-61.73,-89.22,139.43,25.13,1005.4
20,10895,156.4605,372011901,371945184,33358,-61.57,-91.41,122.36,25.13,1005.4
21,10964,156.6012,374515116,374448339,33388,-62.37,-91.94,81.35,25.13,1005.4
22,11033,156.6059,371285470,371218691,33389,-62.35,-89.07,139.04,25.13,1005.4
23,11102,156.5496,374246384,374179629,33377,-63.37,-87.86,177.02,25.13,1005.4
24,11171,155.7288,357583210,357516805,33202,-62.90,-98.04,16.34,25.13,1005.4
25,11257,156.6153,373759101,373692319,33391,-61.76,-86.34,195.68,25.14,1005.4
26,11325,156.1087,367068897,367002330,33283,-61.91,-86.44,190.65,25.14,1005.4
27,11394,156.5872,361942273,361875503,33385,-60.85,-86.29,221.81,25.14,1005.4
28,11463,156.5825,367057693,366990925,33384,-61.09,-86.31,203.20,25.14,1005.4
29,11532,156.5543,371357996,371291240,33378,-61.30,-86.16,182.16,25.14,1005.4
30,11601,156.0149,373800221,373733694,33263,-62.54,-87.53,196.44,25.14,1005.4
31,11670,156.6341,370637646,370570856,33395,-60.63,-88.34,155.13,25.14,1005.4
32,11739,156.5919,373031780,372965008,33386,-60.86,-88.98,141.87,25.14,1005.4
33,11808,156.6247,373398945,373332158,33393,-61.34,-86.88,160.79,25.14,1005.4
34,11877,156.6012,373673941,373607164,33388,-60.45,-83.48,231.62,25.14,1005.4
35,11946,156.6012,374211595,374144818,33388,-60.33,-84.07,210.71,25.14,1005.4
36,12015,156.5965,356558888,356492114,33387,-60.18,-84.45,206.38,25.14,1005.4
37,12084,156.5965,355782792,355716018,33387,-61.56,-86.69,188.00,25.14,1005.4
38,12153,156.5825,355861705,355794937,33384,-61.77,-87.63,227.74,25.14,1005.4
39,12221,156.5027,372085365,372018631,33367,-61.47,-83.92,263.79,25.14,1005.4
40,12290,156.4699,372443268,372376547,33360,-61.52,-83.64,184.13,25.14,1005.4
41,12359,156.5543,371859638,371792882,33378,-60.28,-81.87,204.26,25.14,1005.4
42,12428,156.4652,372337373,372270655,33359,-61.32,-82.24,212.20,25.14,1005.4
43,12497,156.5027,372301039,372234304,33367,-60.56,-85.45,194.32,25.14,1005.4
44,12566,156.5543,368694585,368627828,33378,-61.42,-87.62,190.88,25.14,1005.4
45,12635,156.4980,372963174,372896441,33366,-60.55,-88.95,151.19,25.14,1005.4
46,12705,156.5778,372850109,372783342,33383,-60.72,-87.46,202.31,25.14,1005.4
47,12773,156.5965,372672991,372606217,33387,-61.47,-88.20,174.85,25.14,1005.4
48,12842,156.5215,373119974,373053232,33371,-60.99,-88.03,183.66,25.14,1005.4
49,12911,156.6997,373111347,373044529,33409,-61.70,-89.36,131.62,25.14,1005.4
50,12997,156.6200,373766715,373699931,33392,-61.59,-89.29,161.32,25.11,1005.4
51,13065,156.6575,366596268,366529468,33400,-61.75,-89.91,131.59,25.11,1005.4
52,13134,156.6106,366284489,366217708,33390,-60.74,-88.99,158.10,25.11,1005.4
53,13203,156.6763,365831447,365764638,33404,-61.98,-88.10,169.11,25.11,1005.4
54,13272,156.6857,367518540,367451728,33406,-61.95,-87.11,195.49,25.11,1005.4
55,13341,156.7044,366900085,366833264,33410,-61.90,-88.26,173.90,25.11,1005.4
56,13410,156.7279,367560629,367493798,33415,-61.26,-88.09,177.21,25.11,1005.4
57,13479,156.6012,367018471,366951694,33388,-62.32,-87.97,165.15,25.11,1005.4
58,13548,156.5637,367088681,367021921,33380,-60.37,-83.48,207.25,25.11,1005.4
59,13617,156.6247,367220852,367154066,33393,-61.38,-88.26,179.86,25.11,1005.4
60,13686,156.6012,365687979,365621203,33388,-62.10,-88.25,238.61,25.11,1005.4
61,13755,156.5778,368240300,368173534,33383,-61.92,-87.91,187.34,25.11,1005.4
62,13824,156.5215,366968533,366901790,33371,-61.45,-88.02,161.57,25.11,1005.4
63,13893,156.5965,371631415,371564640,33387,-60.52,-85.98,220.01,25.11,1005.4
64,13962,156.6857,372282741,372215929,33406,-60.42,-87.95,188.59,25.11,1005.4
65,14031,156.0900,372731032,372664473,33279,-61.86,-88.31,177.25,25.11,1005.4
66,14100,156.4371,369240060,369173353,33353,-60.98,-83.25,201.20,25.11,1005.4
67,14169,156.4042,369550713,369484020,33346,-61.14,-83.80,202.89,25.11,1005.4
68,14238,156.4652,372066615,371999897,33359,-60.33,-84.72,201.61,25.11,1005.4
69,14307,156.4793,367148795,367082070,33362,-60.49,-85.26,177.27,25.11,1005.4
70,14376,156.4887,372773049,372706320,33364,-60.08,-84.11,196.87,25.11,1005.4
71,14445,156.5168,359739038,359672297,33370,-61.66,-88.46,168.00,25.11,1005.4
72,14514,156.4089,359720049,359653355,33347,-60.83,-88.37,198.08,25.11,1005.4
73,14583,156.5309,364820087,364753341,33373,-60.17,-86.72,168.45,25.11,1005.4
74,14652,156.6153,362811508,362744726,33391,-61.38,-86.72,234.99,25.11,1005.4
75,14738,156.4887,356639324,356572596,33364,-59.73,-84.66,205.24,25.10,1005.4
76,14806,156.5215,365136084,365069342,33371,-60.12,-82.80,236.00,25.10,1005.4
77,14875,156.5919,365794040,365727267,33386,-62.10,-88.14,198.93,25.10,1005.4
78,14944,156.6012,368899825,368833048,33388,-60.92,-88.38,188.05,25.10,1005.4
79,15013,156.0431,364403927,364337388,33269,-61.11,-88.81,163.15,25.10,1005.4
80,15082,155.6960,356103723,356037332,33195,-61.44,-99.79,10.89,25.10,1005.4
81,15150,156.1838,361480865,361414266,33299,-62.34,-89.92,164.49,25.10,1005.4
82,15219,156.1650,368156361,368089771,33295,-61.59,-88.55,193.55,25.10,1005.4
83,15288,156.1697,365165787,365099195,33296,-61.01,-88.83,167.99,25.10,1005.4
84,15357,156.6575,362871003,362804202,33400,-61.19,-88.51,101.19,25.10,1005.4
85,15426,156.2166,356083809,356017196,33306,-62.17,-107.64,22.40,25.10,1005.4
86,15494,156.1979,362875594,362808989,33302,-61.45,-89.12,189.36,25.10,1005.4
87,15563,156.1650,364044521,363977930,33295,-61.66,-88.59,103.25,25.10,1005.4
88,15632,156.1885,363856164,363789564,33300,-60.94,-88.34,167.10,25.10,1005.4
89,15701,155.7054,362835614,362769219,33197,-62.76,-97.41,11.19,25.10,1005.4
90,15770,155.7007,363923161,363856769,33196,-64.21,-104.55,31.58,25.10,1005.4
91,15839,156.5121,370542517,370475778,33369,-62.07,-90.78,129.07,25.10,1005.4
92,15908,156.6059,371224039,371157261,33389,-61.72,-89.20,150.59,25.10,1005.4
93,15977,156.6763,360679976,360613167,33404,-60.25,-89.06,159.48,25.10,1005.4
94,16046,156.6059,363282548,363215770,33389,-60.08,-88.39,46.42,25.10,1005.4
95,16115,156.6247,357996221,357929435,33393,-61.21,-89.39,124.40,25.10,1005.4
96,16184,156.4652,358597910,358531192,33359,-60.51,-89.31,109.39,25.10,1005.4
97,16253,156.3104,362968972,362902319,33326,-59.50,-87.58,146.10,25.10,1005.4
98,16322,156.3339,369404324,369337661,33331,-62.47,-96.30,51.92,25.10,1005.4
99,16391,156.3714,356446252,356379574,33339,-62.30,-91.40,104.99,25.10,1005.4
100,16476,156.1885,370817588,370750988,33300,-60.79,-89.48,117.03,25.09,1005.4
101,16544,156.0572,364868719,364802174,33272,-60.55,-89.70,128.88,25.09,1005.4
102,16613,156.0196,370737909,370671380,33264,-60.14,-92.84,53.56,25.09,1005.4
103,16682,156.4511,362407340,362340628,33356,-60.55,-93.42,108.75,25.09,1005.4
104,16751,155.8649,365841824,365775362,33231,-63.60,-95.61,19.92,25.09,1005.4
105,16820,155.9305,362803232,362736741,33245,-63.76,-94.07,86.81,25.09,1005.4
106,16889,156.6716,357758737,357691931,33403,-61.86,-90.07,140.81,25.09,1005.4
107,16958,156.0196,362736931,362670402,33264,-62.51,-88.12,141.31,25.09,1005.4
108,17027,156.2917,359190511,359123866,33322,-64.37,-90.78,196.29,25.09,1005.4
109,17096,156.4980,354776152,354709419,33366,-63.86,-92.11,56.82,25.09,1005.4
110,17165,156.1275,369566364,369499789,33287,-63.13,-89.20,140.35,25.09,1005.4
111,17234,156.0103,359068848,359002324,33262,-61.10,-91.24,59.06,25.09,1005.4
112,17303,156.0290,361993552,361927020,33266,-60.97,-90.78,115.35,25.09,1005.4
113,17372,155.9446,362197442,362130946,33248,-62.08,-90.71,124.49,25.09,1005.4
114,17441,156.0009,366457908,366391388,33260,-62.30,-90.85,101.35,25.09,1005.4
115,17510,155.9821,361765519,361699006,33256,-62.32,-90.41,125.00,25.09,1005.4
116,17579,155.9352,356912879,356846386,33246,-62.00,-90.26,94.66,25.09,1005.4
117,17648,155.9868,371599217,371532703,33257,-62.37,-91.13,64.05,25.09,1005.4
118,17717,156.5027,364916784,364850050,33367,-61.89,-88.37,166.43,25.09,1005.4
119,17786,156.1322,357608506,357541930,33288,-61.28,-77.55,198.97,25.09,1005.4
120,17855,156.1932,358039770,357973168,33301,-62.32,-85.33,181.96,25.09,1005.4
121,17924,156.3808,357756827,357690144,33341,-63.70,-91.41,91.36,25.09,1005.4
122,17992,156.2541,365023571,364956943,33314,-61.04,-83.32,206.30,25.09,1005.4
123,18061,156.4887,357399054,357332326,33364,-61.05,-88.00,166.39,25.09,1005.4
124,18130,155.6397,370337244,370270877,33183,-63.01,-100.04,11.50,25.09,1005.4
125,18216,155.6538,369841702,369775330,33186,-62.90,-103.47,30.53,25.07,1005.5
126,18285,155.9164,357207946,357141462,33242,-62.12,-103.55,34.09,25.07,1005.5
127,18354,157.2954,370238289,370171217,33536,-61.42,-83.36,193.59,25.07,1005.5
128,18423,156.4183,358483710,358417011,33349,-61.13,-96.15,49.90,25.07,1005.5
129,18491,156.4840,357358427,357291700,33363,-61.36,-94.59,108.74,25.07,1005.5
130,18560,156.4652,360830991,360764272,33359,-60.91,-89.65,190.79,25.07,1005.5
131,18629,156.4042,359727791,359661098,33346,-60.42,-88.10,172.77,25.07,1005.5
132,18698,156.3573,360745299,360678626,33336,-61.66,-88.08,188.10,25.07,1005.5
133,18767,156.4887,358593586,358526857,33364,-60.85,-86.44,131.63,25.07,1005.5
134,18836,156.5590,365251322,365184564,33379,-61.63,-87.89,157.25,25.07,1005.5
135,18905,156.5919,358113185,358046412,33386,-60.47,-83.05,243.46,25.07,1005.5
136,18974,156.5684,366343282,366276519,33381,-60.57,-81.94,174.94,25.07,1005.5
137,19043,156.5356,360309549,360242800,33374,-60.84,-86.89,176.38,25.07,1005.5
138,19112,156.6106,366638601,366571821,33390,-61.48,-88.35,140.84,25.07,1005.5
139,19181,156.5215,360782493,360715750,33371,-61.30,-89.02,154.25,25.07,1005.5
140,19250,156.5684,361479027,361412264,33381,-60.32,-89.19,152.67,25.07,1005.5
141,19319,156.5168,360842263,360775523,33370,-61.59,-88.99,120.97,25.07,1005.5
142,19388,156.7185,359797011,359730184,33413,-61.73,-88.79,148.65,25.07,1005.5
143,19457,156.6622,360509941,360443139,33401,-61.34,-84.62,155.83,25.07,1005.5
144,19526,156.5215,360654451,360587709,33371,-62.26,-86.35,182.34,25.07,1005.5
145,19595,156.5262,358098234,358031490,33372,-62.29,-86.82,176.99,25.07,1005.5
146,19664,156.6247,359829561,359762774,33393,-62.15,-87.62,176.53,25.07,1005.5
147,19733,156.5543,360049960,359983204,33378,-61.06,-87.91,168.62,25.07,1005.5
148,19802,156.6434,360425483,360358688,33397,-60.36,-88.28,174.42,25.07,1005.5
149,19871,156.5590,357372121,357305362,33379,-61.69,-88.08,189.02,25.07,1005.5
150,19956,156.4980,371567337,371500605,33366,-61.40,-88.15,164.70,25.09,1005.5
151,20025,156.5543,372073587,372006831,33378,-60.98,-88.29,132.87,25.09,1005.5
152,20094,156.5825,373158723,373091954,33384,-60.81,-88.56,130.98,25.09,1005.5
153,20163,156.5543,372180499,372113743,33378,-60.64,-87.90,172.78,25.09,1005.5
154,20233,156.6341,373092601,373025810,33395,-60.77,-88.08,148.18,25.09,1005.5
155,20301,156.5168,371981281,371914540,33370,-60.48,-88.73,110.82,25.09,1005.5
156,20370,156.5965,356988073,356921298,33387,-61.65,-88.38,161.23,25.09,1005.5
157,20439,156.5590,356639164,356572406,33379,-61.50,-88.58,127.09,25.09,1005.5
158,20508,156.6341,358655150,358588360,33395,-61.73,-88.43,157.99,25.09,1005.5
159,20577,156.4934,356133766,356067036,33365,-60.65,-88.61,147.90,25.09,1005.5
160,20645,156.5825,371498508,371431739,33384,-61.22,-88.56,149.59,25.09,1005.5
161,20714,156.6059,371247886,371181108,33389,-60.88,-88.76,138.25,25.09,1005.5
162,20783,156.6388,371535878,371469086,33396,-60.96,-88.88,146.34,25.09,1005.5
163,20852,156.5496,371745057,371678302,33377,-61.09,-88.58,147.84,25.09,1005.5
164,20921,156.5168,371966509,371899768,33370,-60.93,-88.88,116.11,25.09,1005.5
165,20990,156.5825,373553505,373486736,33384,-61.24,-89.05,145.59,25.09,1005.5
166,21059,156.5543,372040300,371973543,33378,-61.33,-88.83,149.75,25.09,1005.5
167,21128,156.5403,370901900,370835150,33375,-61.91,-88.41,169.82,25.09,1005.5
168,21197,156.5450,370731659,370664907,33376,-61.57,-88.43,129.33,25.09,1005.5
169,21266,156.5778,356906874,356840107,33383,-61.76,-85.73,198.67,25.09,1005.5
170,21335,156.6012,357967593,357900817,33388,-61.81,-85.93,204.07,25.09,1005.5
171,21405,156.6012,373576777,373510000,33388,-60.09,-85.10,202.84,25.09,1005.5
172,21473,156.5215,373090639,373023896,33371,-62.24,-88.17,161.78,25.09,1005.5
173,21543,156.5309,372929615,372862868,33373,-61.73,-87.97,166.90,25.09,1005.5
174,21612,156.6481,373099906,373033110,33398,-60.05,-88.04,170.77,25.09,1005.5
175,21697,156.5027,374066814,374000079,33367,-62.21,-88.27,136.11,25.05,1005.5
176,21766,156.5825,374092513,374025745,33384,-62.88,-85.48,182.30,25.05,1005.5
177,21835,156.5731,371918383,371851619,33382,-60.75,-87.30,162.59,25.05,1005.5
178,21904,155.8086,356795045,356728607,33219,-61.70,-93.91,31.80,25.05,1005.5
179,21973,156.2729,372457451,372390815,33318,-62.48,-107.38,18.99,25.05,1005.5
180,22042,156.4418,372117440,372050732,33354,-62.60,-87.30,169.26,25.05,1005.5
181,22111,156.6481,373452628,373385831,33398,-62.54,-88.96,105.30,25.05,1005.5
182,22180,156.2588,369488416,369421786,33315,-61.51,-87.08,155.44,25.05,1005.5
183,22249,156.8404,370957828,370890950,33439,-61.81,-88.75,137.44,25.05,1005.5
184,22318,156.0009,356428956,356362435,33260,-63.46,-94.89,68.65,25.05,1005.5
185,22387,155.8836,356463626,356397155,33235,-61.88,-96.63,39.17,25.05,1005.5
186,22456,156.2260,356974020,356907403,33308,-61.38,-80.98,174.12,25.05,1005.5
187,22525,156.2823,356512617,356445976,33320,-59.97,-80.09,208.27,25.05,1005.5
188,22594,156.2307,357843164,357776545,33309,-61.09,-85.78,172.54,25.05,1005.5
189,22663,156.2119,356556425,356489815,33305,-61.96,-88.36,152.24,25.05,1005.5
190,22732,156.1463,357464560,357397977,33291,-62.30,-85.49,133.67,25.05,1005.5
191,22801,156.0431,358239094,358172555,33269,-62.22,-89.27,112.99,25.05,1005.5
192,22870,155.9493,370891515,370825016,33249,-62.12,-92.03,69.51,25.05,1005.5
193,22939,155.9680,356717140,356650634,33253,-61.72,-94.53,93.46,25.05,1005.5
194,23008,155.9821,371904005,371837493,33256,-61.52,-92.55,67.21,25.05,1005.5
195,23077,155.9727,357801374,357734865,33254,-61.99,-92.21,86.77,25.05,1005.5
196,23146,156.0572,359077730,359011186,33272,-61.90,-90.31,88.66,25.05,1005.5
197,23215,156.7091,359725970,359659148,33411,-62.74,-84.82,245.76,25.05,1005.5
198,23284,156.6388,360673574,360606782,33396,-62.39,-83.85,194.93,25.05,1005.5
199,23353,156.6388,359891645,359824852,33396,-62.09,-85.99,166.44,25.05,1005.5
200,23439,156.5872,359487062,359420291,33385,-62.18,-86.74,192.46,25.03,1005.5
201,23507,156.5965,371259086,371192311,33387,-62.51,-86.92,161.94,25.03,1005.5
202,23576,156.5309,370215489,370148742,33373,-62.71,-87.33,169.37,25.03,1005.5
203,23645,156.6575,374280657,374213857,33400,-63.83,-90.21,152.92,25.03,1005.5
204,23714,156.6388,372590481,372523688,33396,-64.87,-89.36,189.64,25.03,1005.5
205,23783,156.6528,357361929,357295131,33399,-65.16,-89.18,183.40,25.03,1005.5
206,23852,156.6059,374303951,374237172,33389,-64.47,-89.73,214.61,25.03,1005.5
207,23921,156.2307,357905880,357839261,33309,-63.75,-99.52,30.24,25.03,1005.5
208,23990,156.3855,356829847,356763163,33342,-63.94,-89.07,172.10,25.03,1005.5
209,24059,155.7288,357365133,357298728,33202,-64.13,-100.67,23.40,25.03,1005.5
210,24128,156.2026,358396985,358330379,33303,-63.84,-88.67,147.82,25.03,1005.5
211,24197,156.1697,358028650,357962057,33296,-64.70,-101.41,25.68,25.03,1005.5
212,24266,156.5731,360347647,360280883,33382,-64.21,-88.62,175.15,25.03,1005.5
213,24335,156.6200,360949757,360882973,33392,-63.78,-89.78,166.33,25.03,1005.5
214,24404,156.5543,361585610,361518853,33378,-64.36,-90.11,161.33,25.03,1005.5
215,24473,156.5403,364276650,364209899,33375,-64.34,-88.79,172.43,25.03,1005.5
216,24542,156.5825,361559917,361493149,33384,-63.62,-89.11,161.33,25.03,1005.5
217,24611,156.5919,360146788,360080016,33386,-63.90,-89.15,139.33,25.03,1005.5
218,24680,156.4746,360495978,360429255,33361,-63.39,-88.23,128.88,25.03,1005.5
219,24749,156.3949,361419115,361352426,33344,-63.28,-89.72,129.43,25.03,1005.5
220,24818,156.5262,362481019,362414275,33372,-63.79,-88.61,159.87,25.03,1005.5
221,24887,156.4465,368110442,368043731,33355,-66.19,-90.89,105.16,25.03,1005.5
222,24956,156.5496,359806859,359740105,33377,-63.68,-89.67,153.33,25.03,1005.5
223,25025,156.4089,362603908,362537213,33347,-63.71,-89.89,127.26,25.03,1005.5
224,25094,156.4980,363125134,363058401,33366,-63.68,-90.04,118.51,25.03,1005.5
225,25180,156.4746,363317156,363250434,33361,-63.72,-90.74,158.01,25.02,1005.4
226,25249,156.4652,362471173,362404454,33359,-64.13,-90.00,147.57,25.02,1005.4
227,25318,156.6622,360574782,360507980,33401,-64.31,-91.85,122.44,25.02,1005.4
228,25387,156.5778,361238878,361172112,33383,-63.92,-91.53,132.07,25.02,1005.4
229,25456,156.3011,360643024,360576375,33324,-63.94,-92.43,140.32,25.02,1005.4
230,25525,156.2682,364099096,364032461,33317,-63.81,-89.87,125.26,25.02,1005.4
231,25594,156.8076,359958579,359891715,33432,-63.70,-89.50,108.29,25.02,1005.4
232,25663,156.2307,364997769,364931151,33309,-64.06,-90.51,119.30,25.02,1005.4
233,25732,156.2823,363180263,363113622,33320,-63.53,-89.74,114.64,25.02,1005.4
234,25801,156.2307,369498393,369431775,33309,-63.88,-89.87,136.82,25.02,1005.4
235,25870,156.2635,358590576,358523944,33316,-64.46,-101.67,25.16,25.02,1005.4
236,25939,156.3714,365952873,365886195,33339,-63.17,-89.69,137.34,25.02,1005.4
237,26008,156.6247,358164922,358098135,33393,-63.21,-90.92,140.51,25.02,1005.4
238,26077,156.6059,362561583,362494804,33389,-63.07,-88.94,115.57,25.02,1005.4
239,26146,156.6904,361956531,361889716,33407,-62.64,-90.51,108.36,25.02,1005.4
240,26215,156.4699,366584039,366517318,33360,-63.48,-90.04,132.30,25.02,1005.4
241,26284,156.5121,370432295,370365557,33369,-65.17,-91.67,90.16,25.02,1005.4
242,26353,156.4511,357885844,357819131,33356,-63.73,-90.10,128.32,25.02,1005.4
243,26422,156.6810,358105157,358038347,33405,-63.48,-89.18,145.44,25.02,1005.4
244,26491,156.6716,357701856,357635049,33403,-63.63,-91.02,144.23,25.02,1005.4
245,26559,156.4230,367296729,367230028,33350,-64.14,-91.99,146.16,25.02,1005.4
246,26628,156.8217,362231616,362164746,33435,-63.70,-91.74,105.37,25.02,1005.4
247,26697,156.6763,363370915,363304106,33404,-62.93,-89.47,109.00,25.02,1005.4
248,26766,156.2541,369923166,369856537,33314,-62.55,-89.21,140.38,25.02,1005.4
249,26835,155.7757,371417139,371350715,33212,-62.80,-98.32,0.99,25.02,1005.4
250,26921,156.2729,370636174,370569537,33318,-63.61,-89.58,121.31,25.02,1005.4
251,26990,155.8273,367986366,367919920,33223,-62.91,-100.47,10.03,25.02,1005.4
252,27059,155.7945,364710192,364643760,33216,-62.13,-104.91,33.43,25.02,1005.4
253,27128,156.3386,360993252,360926587,33332,-63.18,-103.41,15.02,25.02,1005.4
254,27197,156.7560,361846066,361779223,33421,-62.76,-90.79,135.12,25.02,1005.4
255,27266,155.8320,370889492,370823044,33224,-63.87,-102.88,7.41,25.02,1005.4
256,27335,155.7851,363820381,363753952,33214,-63.39,-107.62,23.60,25.02,1005.4
257,27404,156.8545,363729134,363662250,33442,-61.86,-90.33,125.14,25.02,1005.4
258,27473,156.2026,372358543,372291937,33303,-62.01,-90.14,94.81,25.02,1005.4
259,27542,156.6622,368190492,368123689,33401,-62.56,-89.60,113.72,25.02,1005.4
260,27611,156.7888,369694930,369628074,33428,-63.95,-89.35,155.51,25.02,1005.4
261,27680,156.7326,358582625,358515792,33416,-62.43,-90.03,145.11,25.02,1005.4
262,27749,156.6810,366229070,366162259,33405,-62.08,-89.28,122.19,25.02,1005.4
263,27819,156.7795,372617991,372551139,33426,-62.60,-90.01,138.24,25.02,1005.4
264,27887,156.7091,363876229,363809406,33411,-62.73,-90.06,120.55,25.02,1005.4
265,27956,156.7279,369536605,369469774,33415,-61.89,-90.54,108.18,25.02,1005.4
266,28025,156.7513,368189164,368122324,33420,-62.82,-91.35,132.00,25.02,1005.4
267,28094,156.6388,371740557,371673764,33396,-62.69,-90.43,139.24,25.02,1005.4
268,28163,156.6904,368437821,368371007,33407,-62.03,-90.02,134.62,25.02,1005.4
269,28232,156.7279,371315975,371249145,33415,-62.43,-91.24,145.48,25.02,1005.4
270,28301,156.6528,363777917,363711118,33399,-63.63,-90.06,113.67,25.02,1005.4
271,28370,156.7185,366360184,366293358,33413,-61.78,-90.44,111.15,25.02,1005.4
272,28439,156.5590,369825557,369758799,33379,-62.83,-90.40,133.58,25.02,1005.4
273,28508,156.6622,369532890,369466087,33401,-63.88,-90.11,146.93,25.02,1005.4
274,28577,156.6950,369888396,369821579,33408,-63.84,-90.59,135.05,25.02,1005.4
275,28663,156.6997,370363191,370296372,33409,-63.97,-90.34,142.65,25.01,1005.5
276,28732,156.6106,366590767,366523987,33390,-62.39,-89.73,118.58,25.01,1005.5
277,28801,156.6904,369859600,369792785,33407,-62.63,-90.06,123.55,25.01,1005.5
278,28870,156.7654,368938683,368871837,33423,-62.06,-89.87,103.79,25.01,1005.5
279,28939,156.7044,369049466,368982646,33410,-62.80,-89.85,132.82,25.01,1005.5
280,29008,156.7279,368649315,368582484,33415,-62.70,-89.42,145.76,25.01,1005.5
281,29077,156.6294,367059245,366992456,33394,-62.69,-88.65,152.77,25.01,1005.5
282,29146,156.7373,369253412,369186577,33417,-62.78,-88.40,136.65,25.01,1005.5
283,29215,156.7560,359562488,359495646,33421,-62.74,-88.40,163.68,25.01,1005.5
284,29284,156.7701,358785023,358718175,33424,-62.26,-88.82,151.93,25.01,1005.5
285,29353,156.6763,367947486,367880678,33404,-63.26,-88.99,170.95,25.01,1005.5
286,29422,156.7513,359134725,359067884,33420,-63.41,-89.54,148.75,25.01,1005.5
287,29491,156.6716,362814729,362747922,33403,-62.73,-89.88,140.40,25.01,1005.5
288,29561,156.6997,372145689,372078870,33409,-62.41,-90.33,114.30,25.01,1005.5
289,29630,156.7842,372025110,371958256,33427,-62.01,-89.82,124.18,25.01,1005.5
290,29698,156.7748,363328504,363261654,33425,-62.80,-90.57,145.19,25.01,1005.5
291,29767,156.6341,370176763,370109972,33395,-62.67,-89.56,129.83,25.01,1005.5
292,29836,156.6904,359468028,359401214,33407,-62.59,-90.29,102.60,25.01,1005.5
293,29905,156.7185,369772847,369706020,33413,-62.85,-90.18,119.76,25.01,1005.5
294,29974,156.8358,363584562,363517686,33438,-63.47,-89.97,114.57,25.01,1005.5
295,30043,156.7513,363192122,363125281,33420,-62.59,-90.22,118.78,25.01,1005.5
296,30112,156.7185,367600739,367533912,33413,-62.69,-90.26,133.57,25.01,1005.5
297,30181,156.8358,356927886,356861010,33438,-62.83,-90.28,121.22,25.01,1005.5
298,30250,156.6857,362899628,362832816,33406,-63.07,-90.63,122.06,25.01,1005.5
299,30318,156.8123,368235371,368168505,33433,-62.74,-90.00,108.78,25.01,1005.5
300,30404,156.7044,367003744,366936923,33410,-62.44,-90.71,126.07,25.00,1005.5
301,30473,156.8123,371064602,370997735,33433,-63.16,-90.51,125.60,25.00,1005.5
302,30542,156.7795,357744236,357677384,33426,-62.79,-90.55,130.16,25.00,1005.5
303,30612,156.7185,370565038,370498211,33413,-63.30,-91.49,134.50,25.00,1005.5
304,30680,156.7232,365996791,365929963,33414,-62.57,-91.28,94.03,25.00,1005.5
305,30749,156.7326,370666396,370599563,33416,-63.07,-90.41,121.11,25.00,1005.5
306,30817,156.7373,363960523,363893688,33417,-62.95,-90.73,119.66,25.00,1005.5
307,30886,156.7888,372726258,372659402,33428,-62.01,-90.23,104.71,25.00,1005.5
308,30956,156.7888,373044053,372977196,33428,-61.91,-91.27,99.53,25.00,1005.5
309,31024,156.7138,371999396,371932572,33412,-62.40,-92.27,103.93,25.00,1005.5
310,31094,156.7701,371975680,371908832,33424,-62.50,-90.05,124.36,25.00,1005.5
311,31162,156.8076,371240292,371173428,33432,-63.42,-90.51,127.78,25.00,1005.5
312,31231,156.7091,372349603,372282781,33411,-61.95,-89.53,107.62,25.00,1005.5
313,31300,156.8686,368682009,368615119,33445,-62.26,-90.33,124.74,25.00,1005.5
314,31369,156.7560,365198699,365131856,33421,-62.64,-88.81,135.95,25.00,1005.5
315,31438,156.9436,371945218,371878296,33461,-62.55,-90.10,136.88,25.00,1005.5
316,31507,157.0374,367289409,367222446,33481,-61.54,-87.49,131.80,25.00,1005.5
317,31576,156.9718,367922586,367855651,33467,-61.84,-89.03,109.41,25.00,1005.5
318,31645,156.9342,367928550,367861631,33459,-62.94,-90.38,118.24,25.00,1005.5
319,31714,156.4230,372643943,372577242,33350,-62.27,-89.01,119.45,25.00,1005.5
320,31783,157.0234,368032750,367965794,33478,-62.17,-89.00,121.40,25.00,1005.5
321,31852,155.8602,369269367,369202906,33230,-61.57,-105.16,33.67,25.00,1005.5
322,31922,155.9774,373935106,373868596,33255,-62.08,-103.61,21.62,25.00,1005.5
323,31990,156.0196,368485236,368418708,33264,-62.08,-103.36,27.92,25.00,1005.5
324,32059,155.9821,368537869,368471356,33256,-61.98,-102.45,36.94,25.00,1005.5
325,32145,155.9071,368924340,368857859,33240,-62.14,-102.38,39.70,24.99,1005.4
326,32214,155.9540,369613247,369546747,33250,-62.63,-102.92,30.03,24.99,1005.4
327,32283,155.9540,368861528,368795028,33250,-61.24,-102.05,41.97,24.99,1005.4
328,32352,155.9164,360544515,360478031,33242,-62.34,-103.23,36.41,24.99,1005.4
329,32421,155.9493,372098245,372031747,33249,-62.17,-101.99,22.92,24.99,1005.4
330,32491,155.9587,372549174,372482672,33251,-61.67,-103.40,35.10,24.99,1005.4
331,32559,155.9540,361024513,360958012,33250,-61.93,-103.78,25.35,24.99,1005.4
332,32628,155.9024,364514770,364448291,33239,-61.40,-105.33,23.55,24.99,1005.4
